375689
377524
377731
377995
378335
378521
378761
378929
379147
379473
379784
380097
380378
381939
382812
383386
383755
384157
385313
499409
503958
498287
499089
497963
498820
497484
498844
499150
503043
498148
503944
494697
498557
497778
503844
497785
385469
385664
385934
386185
386461
387069
387190
387427
387728
387925
388153
388371
388672
388863
389153
389467
389822
390178
390312
498753
503013
496852
498571
498624
498627
493335
503617
498195
498274
497260
498476
498179
498049
361215
482563
491867
468753
394703
390506
390700
390963
391144
391285
391489
391713
391932
392089
392404
392767
393047
393298
393642
394054
394157
394278
394460
394656
482659
492105
491190
480942
463389
451443
484742
367221
486035
446700
316881
377541
450407
430662
437069
367178
450654
498275
497410
498104
502265
502944
496704
498366
496865
502502
497848
497540
498197
496868
497968
502674
502845
496363
464461
467584
474289
444211
452260
444191
485527
491695
504384
458445
459921
486725
459162
467226
473074
444134
474275
497582
502357
503177
497395
502329
502953
495882
496719
497596
497836
497205
497763
497013
496889
497334
502097
496749
502730
496682
444082
452058
491629
478557
490999
444073
459657
491667
470168
478803
466518
486285
444007
467313
497419
497305
496831
502804
496116
496627
502647
495955
496981
496087
502052
502681
496918
495369
497039
494773
495374
495616
5173975
443893
459519
491692
459439
459849
466430
452021
463839
491588
473894
443791
478357
443730
474071
480066
443714
451814
495601
496420
498746
502035
502360
494608
495934
496330
496729
496181
495964
500040
501787
500958
502171
493584
459226
485707
473203
473605
466235
5300135
486457
459079
459220
472147
477455
487730
451556
485502
443463
443567
491022
490903
478258
496385
495688
496254
501796
502361
495680
495332
496514
502216
495540
495670
496238
495124
501795
502179
501696
496107
495198
443444
465578
473447
466875
450506
451602
456314
491477
458980
485490
450675
491613
13684
47316
67603
88926
496576
495642
495931
499700
501398
501733
495123
495557
495013
495333
493345
495301
500721
501147
501469
501775
495034
494954
492840
93712
110654
132338
143853
149692
166496
176503
181140
204287
216779
222321
226019
232736
239423
243964
247155
250800
254912
258519
495084
500402
501776
501741
494363
494980
501540
501750
501650
500923
500009
500986
495448
501127
494425
262497
264850
267495
270694
271662
273900
275167
278508
284363
285629
287121
287992
290903
292456
294255
296142
297419
299608
302253
493037
501002
501222
494022
494765
493390
499547
501128
500901
500478
500894
492835
500666
494715
493945
493615
500055
500717
494286
303506
304623
312091
313941
316255
316691
316891
317296
319515
330149
330687
331004
331245
331463
331687
331990
335306
336249
337586
493998
500591
500319
500659
493396
494135
500414
499588
494137
500106
494044
494004
500114
498589
500102
493814
499543
338219
338950
339912
342105
342398
342616
342906
343094
343241
343498
343668
343899
344416
344715
347003
347527
348044
348871
349335
500195
493425
500046
493637
499984
498457
499866
493305
498933
499679
493771
499591
493133
493570
503786
504471
504579
493606
504800
349758
350372
350966
351632
352098
352437
356121
356343
356521
356815
357353
357866
358071
358628
358915
360797
361254
361659
362357
503717
499319
503424
503778
503913
504077
504178
504294
504377
504444
504529
504602
492824
493074
493660
493755
504755
504097
499320
362935
366378
366891
367144
367349
367567
367844
368472
368903
369123
369405
369759
369887
370119
370550
370647
372787
374113
374832
499254
504692
493420
499008
503215
504261
493296
499179
504655
504013
497931
498919
499335
493272
493119
503936
496957
498797
408091
408187
408242
408411
408551
408676
408774
408896
409111
409374
409494
409615
409679
409755
409877
409969
410082
410182
417522
417601
417717
417840
417930
418052
418189
418288
418376
418536
418625
418686
418769
418913
419023
419379
419470
419650
410269
410374
410501
410600
410843
411022
411274
411502
411588
411693
411802
411947
412043
412114
412361
412406
412604
412736
419710
419819
419878
420103
420193
420287
420432
420562
420681
420841
421027
421129
421293
421442
421575
421652
421780
421832
421891
435830
435920
435976
436064
436181
436377
436434
436516
436576
436621
436655
436689
436760
436824
436870
436919
436944
422000
422115
422226
422284
422369
422432
422586
422697
422755
422886
422986
423068
423145
423265
423374
423488
423581
423645
423728
436996
437099
437153
437199
437279
437348
437401
437472
437527
437590
437657
437723
437780
437841
437914
437987
438060
438105
438172
423780
423846
423912
424084
424257
424316
424475
424552
424655
424715
424880
425001
425126
425207
425320
425406
425572
425637
425709
438232
438259
438337
438384
438439
438499
438571
438646
438726
438779
438803
438888
438966
439000
439194
439258
439346
439413
425784
425862
425925
426038
426184
426296
426418
426456
426547
426662
426706
426815
426859
426920
427027
427114
427228
427351
427465
439476
439523
439609
439687
439741
439808
439846
439926
439966
440019
440062
440096
440139
440187
440317
440493
440595
440643
427528
427616
427713
427810
427964
428066
428183
428274
428354
428409
428492
428546
428611
428669
428770
428845
440693
440747
440808
440866
440957
441036
441078
441208
441314
441372
441485
441552
441632
441743
441778
441923
442000
429066
429212
429327
429381
429432
429480
429673
429905
430034
430125
430159
430288
442085
442133
442206
442245
442301
442370
442426
442526
442577
442663
442929
442966
443085
443159
430406
430524
430588
430679
430732
430834
431045
431105
431139
431230
431328
431393
431447
431491
431551
431645
431708
443242
443275
443312
443376
473558
466694
483550
473501
484373
485193
458092
450505
458207
465760
466627
431821
431923
432085
432205
432266
432320
432393
432435
432500
432705
432777
432849
432946
432990
433046
451055
485279
450601
457935
466031
490724
472970
490726
466298
485817
490595
478903
490187
458146
466168
472856
433109
433157
433349
433426
433504
433556
433617
433711
433863
433946
433992
434110
434175
434220
434269
434394
450776
484695
449976
457766
464317
465479
491160
490562
458136
470349
463691
472966
485642
449390
466123
434506
434555
434626
434700
434780
434854
435106
435149
435195
435292
435403
435432
435502
435549
435637
435706
435773
485509
458052
449861
490926
457904
464876
478377
449754
478916
450465
478129
450493
485430
490787
456730
491304
464487
394753
394911
395116
395361
395463
395605
395696
395905
396087
396216
396448
396648
396892
396970
397081
397275
397533
397699
397927
472642
490897
472388
466773
478349
479194
449425
451366
473297
451459
490950
458531
466476
450390
466561
457338
457899
398185
398501
398641
398734
398978
399198
399354
399509
399569
399689
399803
399938
400156
400291
400447
400573
400700
400887
458550
472118
491370
450179
490928
450745
451248
471454
491311
465489
472921
473464
466192
466491
449438
401059
401341
401507
401628
401695
401798
401881
402000
402130
402215
402283
402423
402570
402847
402998
403147
403254
403355
412856
412969
413084
413198
413319
413449
413534
413652
413823
413922
414008
414073
414202
414317
414477
414718
414851
415002
403436
403567
403779
403821
403900
404004
404113
404241
404316
404457
404553
404781
404871
405067
405247
405454
405507
405624
415178
415290
415397
415503
415707
415913
415960
416055
416258
416320
416384
416470
416667
416752
416878
416960
417065
417202
417407
405692
405777
405988
406108
406166
406248
406422
406552
406721
406886
406996
407083
407372
407494
407559
407777
407877
407973
408027
489942
463107
464862
475863
476660
484792
456797
449086
450914
495439
449366
457239
464657
490136
482769
449543
483947
455992
461929
473445
481897
486641
453977
469095
487484
461546
461975
487766
461246
461947
445560
473584
445432
445515
453177
481816
477950
484564
457285
490068
449058
490013
455847
464944
470791
469801
477908
448605
476068
489299
490064
481463
481319
461587
468976
480424
473782
478700
480213
480836
445354
486221
445250
453442
468328
487504
487203
489745
457069
455168
457107
475103
448547
470228
448480
468215
484262
448446
484228
448406
469342
463554
461306
475476
445231
460960
467744
474695
474256
481513
486889
487743
453590
468542
459274
474421
481125
452501
460251
463886
470381
464641
471606
484200
471352
477546
448263
456687
484034
489459
448210
489776
463567
464664
481453
485624
453382
461330
492217
460487
460618
475110
474585
453574
481245
486098
487029
487648
453455
453456
453514
460999
483161
448142
482342
484174
483313
490209
448082
456472
489093
489667
471376
489944
464251
489169
461906
480857
464167
476073
455060
461266
466135
473642
473591
474134
481659
444941
480773
449591
453088
460837
452085
468094
475058
480385
486612
444876
444779
460166
483512
488792
447944
448026
489792
447894
471094
464310
489457
471668
482426
447782
447856
454693
455994
477489
483015
447806
444759
451943
460244
451999
468131
491541
460987
467189
467754
478278
450435
474727
484063
444695
451827
459917
484454
449272
453034
483103
489032
489752
447706
447753
489638
447587
447610
447654
463833
455261
462948
476491
463139
463369
477350
447505
447555
463414
486291
451841
459676
492586
459902
466925
479824
467963
491952
492457
444576
490244
492648
467904
466120
473198
444551
474715
453891
462914
469819
462900
474995
483469
485213
454711
456099
469257
488988
454662
475869
483605
447349
447276
447289
479544
486305
472935
449256
484922
458499
491713
459081
460121
459360
474455
466649
474114
444447
486970
452950
483172
492069
452604
455617
487638
489237
489448
489394
462426
462739
489168
454336
455733
463741
470557
469923
462238
475408
455514
481023
483106
5011547
5011778
5012267
5012599
5012890
5013351
5013680
5013912
5014168
5014437
5014756
5015175
5015707
5016246
5016620
5017034
5017435
5017918
5018359
482453
447053
447130
476671
463570
446962
447005
463480
480478
482380
446938
482050
488930
481431
446833
446916
455610
463456
5018895
5019283
5020051
5020605
5021138
5021581
5022107
5022483
5022909
5023382
5023711
5024076
5024395
5024864
5025519
5026108
5026607
5026945
5027489
475739
476524
463226
479858
482359
446741
488556
483119
483620
469942
462671
470097
469636
483123
483079
455054
482819
5027768
5028239
5028437
5028613
5028769
5029060
5029284
5029538
5029937
5030289
5030682
5031043
5031263
5031625
5031903
5032353
5032662
5034443
446667
455191
455160
487227
488712
462974
476787
482740
453966
470070
446532
446575
481069
482390
476076
463051
482520
460277
472364
491536
490349
466989
480178
450544
473355
444303
479205
480282
459737
5000024
5000630
5001077
5002084
5002423
5003310
446375
446355
492396
446330
462861
488698
475406
467974
476120
446205
482553
446161
453808
461315
5003653
5004385
5004909
5005389
5005745
5006292
5006867
5007316
5008022
5008519
5009094
5009483
5009989
5010251
5010610
5011018
5011359
461768
446111
462836
454648
462519
474916
475487
452217
488347
468101
487763
473818
462437
469487
465179
449640
483441
448845
483539
484625
449111
490307
457608
457829
464812
471076
476977
490551
465521
477733
484846
457544
475079
482232
481981
460156
459706
469536
445903
466290
475678
482067
488229
445854
454342
488367
454261
445761
445815
453117
477203
489026
490404
450600
487056
490460
449583
454723
465246
472127
457158
465448
478576
482198
483675
471326
450388
489209
453345
462049
475763
467579
483137
475751
482015
488115
445732
500461
461583
453080
461340
461577
468752
480796
492558
5067901
5068347
5068599
5068873
5069231
5069475
5069674
5069956
5070124
5070302
5070568
5070921
5071154
5071603
5072243
5073611
5074234
5075312
5090179
5090458
5090653
5090892
5091005
5091134
5091393
5091626
5092003
5092239
5092410
5092596
5092753
5092927
5093133
5093626
5093816
5094089
5075918
5076355
5076773
5077211
5077748
5077979
5078559
5078796
5079449
5079712
5079997
5080380
5080740
5080948
5081171
5081446
5081789
5081994
5094528
5094657
5094790
5094941
5095003
5095113
5095239
5095627
5095770
5096035
5096190
5096357
5096823
5097000
5097203
5097363
5097496
5097700
5130075
5130175
5130354
5130547
5130720
5130842
5130939
5130992
5131073
5131218
5131320
5131412
5131501
5131575
5131636
5131729
5131793
5131883
5097896
5098099
5098202
5098345
5098505
5098712
5098962
5099017
5099308
5099515
5099750
5099896
5100041
5100162
5100269
5100355
5100431
5100548
5131903
5132006
5132132
5132368
5132487
5132644
5132825
5132930
5133077
5133190
5133390
5133462
5133595
5133764
5133860
5133969
5134081
5134169
5100684
5100736
5100807
5100907
5101030
5101205
5101365
5101445
5101535
5101619
5101700
5101799
5101959
5102026
5102137
5102303
5102491
5102700
5102783
5134297
5134414
5134772
5135115
5135523
5135629
5136259
5136703
5137019
5137302
5137421
5137615
5137890
5138055
5138726
5138950
5102885
5103012
5103133
5103255
5103472
5103713
5104014
5104181
5104484
5104729
5105184
5105684
5106194
5106425
5106710
5106892
5107146
5107424
5107700
5139161
5139412
5139567
5139679
5139942
5140069
5140213
5140337
5140552
5140689
5140771
5140855
5141106
5141248
5141366
5141663
5141985
5108131
5108280
5108496
5108804
5109200
5109363
5109682
5109864
5110049
5110274
5110495
5111033
5111285
5111593
5111936
5112577
5112747
5112934
5142274
5142523
5142774
5142939
5143140
5143438
5143766
5143938
5144065
5144193
5144368
5144751
5144858
5144981
5145151
5145358
5145524
5112935
5113190
5113409
5113708
5113974
5114264
5114400
5114652
5114833
5115100
5115324
5115563
5115766
5116001
5116147
5116521
5116599
5146086
5146221
5146343
5146464
5146839
5146988
5147188
5147356
5147462
5147843
5148008
5148083
5148270
5148530
5148741
5148846
5116774
5117136
5117292
5117467
5117672
5117847
5117958
5118129
5118340
5118584
5118669
5118816
5118997
5119309
5119519
5119768
5119845
5120065
5148975
5149041
5149222
5149349
5149408
5149592
5149855
5150032
5150275
5150524
5150660
5150830
5150963
5151115
5151229
5151358
5151552
5151839
5120226
5120686
5120930
5121109
5121279
5121441
5121595
5121693
5121806
5121988
5122139
5122344
5122557
5122642
5122884
5123034
5123163
5123339
5158614
5158735
5158800
5158931
5159047
5159152
5159243
5159356
5159529
5159607
5159728
5159809
5159917
5159982
5160107
5160187
5160263
5160335
5160453
5123568
5123894
5124287
5124375
5124488
5124612
5124681
5124788
5125057
5125258
5125427
5125676
5125822
5126002
5126241
5126384
5126569
5160456
5160584
5160705
5160815
5160929
5161055
5161207
5161337
5161458
5161563
5161605
5161699
5161837
5161999
5162296
5162417
5162486
5162579
5126696
5126828
5126948
5127162
5127296
5127469
5127539
5127824
5127920
5128128
5128415
5128605
5128719
5128811
5129056
5129212
5129486
5129651
5129744
5162745
5162862
5162958
5163108
5163204
5163329
5163474
5163774
5164072
5164387
5164786
5165198
5165499
5165772
5166024
5166265
5166440
5034800
5035727
5037007
5037791
5038542
5038831
5039325
5039874
5040305
5040912
5041324
5041570
5041820
5042273
5042580
5042911
5043085
5043577
5043740
5151946
5152139
5152335
5152479
5152646
5152958
5153072
5153249
5153452
5153657
5154040
5154176
5154301
5154425
5154654
5154790
5155033
5155203
5044112
5044443
5044607
5045075
5045503
5045778
5046207
5046507
5046849
5047196
5047458
5047696
5048862
5049370
5049987
5050109
5050261
5155424
5155628
5155801
5155925
5156042
5156239
5156474
5156570
5156653
5156893
5157118
5157504
5157790
5157919
5158245
5158483
5050289
5050551
5051024
5051286
5051631
5051797
5052139
5052510
5053042
5053318
5053592
5053870
5054324
5054696
5054886
5055203
5055484
5055695
5082115
5082380
5082755
5083063
5083395
5083577
5083936
5084234
5084480
5084622
5084845
5085032
5085241
5085451
5085628
5085745
5085946
5086091
5086292
5056596
5056942
5057241
5057644
5058239
5058544
5058936
5059384
5059902
5060025
5060302
5060880
5061068
5061441
5061778
5061908
5086490
5086675
5086850
5087192
5087374
5087523
5087806
5088131
5088385
5088621
5088832
5089055
5089205
5089284
5089487
5089780
5090055
5062300
5062566
5063078
5063301
5063727
5063977
5064394
5065245
5065524
5065937
5066166
5066372
5066731
5066850
5067073
5067253
5067431
5067658
5067759
5172654
5172809
5172977
5173245
5173358
5173496
5173625
5173809
5173932
5174066
5174242
5174354
5174570
5174727
5174796
5174888
5174961
5215914
5216098
5216229
5216275
5216539
5216609
5216707
5216825
5217014
5217091
5217227
5217316
5217462
5217592
5217671
5217905
5217981
5218107
5175145
5175289
5175436
5175492
5175597
5175757
5175881
5176083
5176255
5176370
5176495
5176622
5176744
5176883
5177069
5177235
5177417
5177476
5177567
5218179
5218261
5218381
5218497
5218854
5219009
5219274
5219450
5219617
5219712
5219853
5219898
5219965
5220096
5220231
5220396
5220483
5177644
5177697
5177811
5177913
5177974
5178075
5178190
5178347
5178450
5178561
5178762
5178854
5178906
5179111
5179240
5179494
5179660
5179824
5180108
5220720
5220882
5221034
5221252
5221516
5222025
5222346
5222573
5223152
5223286
5223490
5223734
5223831
5224087
5224345
5224493
5224845
5225006
5225116
5180249
5180344
5180434
5180580
5180721
5180822
5180922
5181026
5181171
5181253
5181356
5181473
5181648
5181776
5181913
5182075
5182177
5182324
5182575
5225360
5225577
5225698
5225955
5226257
5226411
5226563
5226704
5226876
5227220
5227421
5227896
5228190
5228431
5228615
5228713
5228821
5228936
5182801
5183060
5183215
5183363
5183509
5183710
5183825
5183996
5184156
5184427
5184573
5184783
5184941
5185020
5185133
5185271
5185358
5228960
5229157
5229468
5229657
5229783
5229888
5229981
5230222
5230520
5230697
5230789
5230904
5231005
5231171
5231431
5231590
5231797
5185517
5185805
5186055
5186176
5186301
5186442
5186645
5186729
5186880
5186986
5187061
5187114
5187364
5187512
5187675
5187775
5187903
5231987
5232197
5232292
5232443
5232596
5232759
5232903
5233033
5233192
5233304
5233452
5233506
5233668
5233814
5233983
5234083
5234207
5234284
5234378
5188010
5188100
5188389
5188524
5188638
5188776
5188881
5189137
5189248
5189374
5189502
5189593
5189700
5189797
5189877
5189981
5190108
5190235
5190348
5234549
5234685
5234862
5235027
5235195
5235271
5235399
5235504
5235615
5235724
5235884
5236058
5236172
5236314
5236568
5236681
5236813
5236892
5237054
5190478
5190597
5190734
5190928
5191087
5191160
5191342
5191571
5191760
5191978
5192233
5192505
5192792
5193148
5193333
5193490
5193726
5193952
5194076
5237202
5237496
5237613
5237762
5237940
5238013
5238185
5238361
5238502
5238540
5238688
5238881
5239046
5239265
5239420
5239564
5239766
5194320
5194463
5194710
5194924
5195088
5195162
5195388
5195530
5195722
5195866
5196151
5196326
5196451
5196575
5196725
5196854
5196988
5197233
5197368
5245681
5245840
5245944
5246049
5246200
5246503
5246654
5246772
5246915
5247009
5247055
5247171
5247278
5247408
5247620
5247731
5247892
5197402
5197490
5197634
5197806
5197909
5198068
5198221
5198294
5198410
5198767
5198953
5199044
5199204
5199394
5199467
5199612
5199912
5200118
5247975
5248215
5248317
5248480
5248546
5248632
5248740
5248878
5248956
5249071
5249178
5249274
5249416
5249567
5249684
5249806
5249909
5249978
5200301
5200503
5200570
5200904
5200991
5201092
5201190
5201375
5201528
5201708
5201832
5202097
5202226
5202322
5202460
5202633
5202760
5202965
5203158
5250048
5250110
5250223
5250297
5250401
5250527
5250692
5250775
5250963
5251067
5251116
5251145
5251266
5251398
5251498
5251674
5251764
5251875
5203252
5203658
5203720
5203794
5203918
5204071
5204200
5204325
5204462
5204618
5204770
5205032
5205152
5205289
5205465
5205647
5239916
5240073
5240426
5240609
5240745
5240894
5241240
5241359
5241506
5241789
5241859
5241960
5242142
5242288
5242436
5242653
5242828
5242984
5205761
5205968
5206065
5206153
5206233
5206371
5206513
5206636
5206762
5206852
5206933
5206994
5207096
5207241
5207352
5207432
5207638
5207775
5207879
5243164
5243388
5243525
5243622
5243675
5243808
5243985
5244117
5244237
5244343
5244595
5244703
5244802
5244957
5245098
5245236
5245384
5245512
5207883
5207994
5208183
5208308
5208480
5208600
5208916
5209032
5209235
5209310
5209365
5209519
5209657
5209740
5209899
5210076
5210279
5210464
5166597
5166811
5167058
5167247
5167411
5167539
5167696
5167789
5167918
5168093
5168204
5168259
5168425
5168650
5168777
5168963
5169195
5169324
5169416
5210804
5210939
5211088
5211232
5211358
5211506
5211598
5211731
5211868
5212023
5212096
5212273
5212401
5212544
5212649
5212883
5213048
5213231
5169545
5169714
5169838
5170005
5170154
5170345
5170592
5170700
5170943
5171114
5171340
5171505
5171767
5171918
5172116
5172322
5172499
5213440
5213509
5213627
5213786
5213886
5214074
5214206
5214369
5214549
5214762
5214861
5214975
5215140
5215280
5215506
5215687
5215793
5215895
5265591
5265741
5265849
5265991
5266114
5266265
5266402
5266582
5266633
5266761
5266914
5267038
5267336
5267434
5267599
5267721
5267903
5275791
5275933
5276170
5276374
5276525
5276707
5276833
5277009
5277128
5277216
5277301
5277433
5277518
5277620
5277808
5277942
5278029
5278153
5278306
5268052
5268147
5268184
5268319
5268409
5268493
5268561
5268723
5268851
5268945
5269060
5269245
5269383
5269531
5269697
5269950
5270023
5270136
5278318
5278456
5278575
5278646
5278812
5278909
5279165
5279378
5279431
5279675
5279799
5279946
5280101
5280222
5280343
5280440
5280647
5280881
5281090
5303766
5303879
5303966
5304067
5304181
5304252
5304304
5304388
5304467
5304552
5304802
5304908
5304980
5305333
5305442
5281339
5281441
5281592
5281729
5281955
5282186
5282366
5282580
5282746
5282846
5282926
5283093
5283168
5283271
5283376
5283478
5283597
5283679
5305537
5305733
5305802
5305840
5306033
5306101
5306212
5306298
5306441
5306670
5306811
5306906
5307038
5307169
5307248
5307299
5307451
5283807
5283973
5284077
5284170
5284283
5284424
5284551
5284645
5284761
5284830
5284937
5285090
5285183
5285250
5285355
5285409
5285472
5285580
5307522
5307588
5307666
5307760
5307859
5307966
5308158
5308273
5308395
5308666
5308818
5309038
5309106
5309218
5309254
5309450
5309537
5285879
5285981
5286108
5286195
5286375
5286441
5286556
5286711
5286844
5287093
5287269
5287507
5287561
5287637
5287737
5287940
5288078
5288167
5309782
5309916
5310001
5310097
5310224
5310362
5310433
5310671
5310765
5310878
5310912
5310993
5311071
5311167
5311275
5311418
5311494
5311607
5288472
5288729
5288849
5289071
5289248
5289348
5289614
5289860
5290044
5290314
5290675
5290789
5291048
5291244
5291480
5291654
5291777
5291919
5311649
5311739
5311856
5311988
5312065
5312189
5312293
5312416
5312491
5312567
5312728
5312851
5312945
5312997
5313121
5313229
5313327
5313419
5313501
5292178
5292307
5292472
5292684
5292826
5292912
5293054
5293173
5293313
5293453
5293941
5294122
5294197
5294319
5294536
5313603
5313864
5313966
5314099
5314193
5314264
5314345
5314432
5314509
5314569
5314669
5314808
5314847
5314966
5315085
5315241
5315292
5315411
5294653
5294832
5294976
5295151
5295248
5295395
5295728
5295808
5295961
5296145
5296248
5296341
5296489
5296676
5296796
5296864
5297108
5297230
5315559
5315660
5315744
5315802
5315893
5315972
5316003
5316256
5316377
5316583
5316651
5316709
5316748
5316873
5317022
5317133
5317239
5317354
5297385
5297546
5297694
5297834
5297914
5298002
5298099
5298175
5298255
5298403
5298620
5298745
5298974
5299226
5299352
5299454
5299589
5299766
5320895
5320985
5321093
5321181
5321353
5321597
5321654
5321753
5321804
5321901
5322169
5322243
5322317
5330703
5322505
5322588
5322689
5322767
5299878
5300036
5300368
5300454
5300564
5300652
5300765
5300850
5300923
5301005
5301108
5301225
5301258
5301408
5301522
5301627
5301737
5322790
5322861
5322999
5323066
5323160
5323324
5323441
5323483
5323654
5323743
5323802
5323873
5323944
5324012
5324137
5324240
5324449
5324631
5324788
5301896
5301985
5302085
5302176
5302247
5302347
5302464
5302592
5302670
5302767
5302875
5303006
5303126
5303264
5303328
5303356
5303417
5303592
5303639
5324972
5325053
5325189
5325404
5325559
5325795
5325917
5326051
5326157
5326340
5326538
5326620
5326766
5326872
5326975
5327140
5327251
5327531
5251926
5252089
5252286
5252341
5252473
5252638
5252797
5252930
5253092
5253258
5253568
5253754
5254057
5254181
5254365
5254613
5254871
5255212
5255412
5317468
5317657
5317736
5317872
5318000
5318102
5318139
5318214
5318320
5318377
5318510
5318617
5318658
5318719
5318796
5318882
5318945
5319011
5319098
5255696
5255766
5255897
5256167
5256344
5256513
5256616
5256752
5256833
5256934
5257049
5257154
5257284
5257372
5257468
5257634
5257719
5257861
5257993
5319156
5319222
5319267
5319315
5319443
5319508
5319615
5319682
5319764
5319812
5319905
5320028
5320132
5320295
5320344
5320552
5320616
5320687
5257996
5258117
5258233
5258346
5258461
5258606
5258745
5258830
5258890
5259069
5259179
5259459
5259637
5259806
5259909
5259972
5260103
5260252
5270314
5270439
5270562
5270630
5270742
5270895
5270981
5271054
5271182
5271340
5271394
5271503
5271663
5271852
5272001
5272124
5272308
5272541
5272650
5260524
5260652
5260860
5260961
5261032
5261125
5261283
5261488
5261643
5261776
5261909
5262109
5262240
5262421
5262524
5262679
5262784
5262922
5263067
5272779
5272936
5273114
5273215
5273415
5273537
5273686
5273851
5274118
5274357
5274496
5274665
5274794
5275003
5275143
5275307
5275482
5275639
5263278
5263367
5263615
5263749
5263868
5263977
5264048
5264218
5264389
5264460
5264516
5264643
5264765
5264864
5264947
5265168
5265370
5333179
5333407
5333543
5333791
5333873
5333977
5334266
5334425
5334556
5334708
5334834
5335003
5335099
5335165
5335335
5335408
5367449
5367561
5367666
5367841
5367955
5368056
5368166
5368237
5368336
5368477
5368617
5368704
5368912
5368972
5369166
5369193
5369282
5335596
5335774
5335862
5336025
5336243
5336443
5336559
5336698
5336784
5336874
5336956
5337016
5337164
5337251
5337342
5337408
5337524
5369521
5369627
5369665
5369766
5369845
5369887
5369932
5370095
5370296
5370440
5370485
5370594
5370667
5370774
5370821
5370882
5370964
5371021
5371080
5337830
5337927
5338029
5338136
5338260
5338370
5338428
5338471
5338654
5338786
5338886
5338997
5339125
5339276
5339417
5339547
5371170
5371337
5371393
5371537
5371629
5371840
5371946
5372017
5372172
5372257
5372379
5372527
5372679
5372898
5373016
5373061
5339964
5340154
5340238
5340325
5340578
5340673
5340749
5340846
5340891
5340982
5341081
5341145
5341211
5341278
5341376
5341468
5341610
5341732
5373241
5373317
5373394
5373486
5373583
5373768
5373859
5373974
5374104
5374168
5374253
5374339
5374529
5374648
5374702
5374769
5375228
5341854
5342014
5342106
5342181
5342315
5342405
5342530
5342643
5342690
5342753
5342898
5343055
5343187
5343244
5343419
5343521
5343631
5343718
5375246
5375328
5375410
5375508
5375616
5375737
5375814
5375886
5375953
5376046
5376127
5376237
5376358
5376448
5376559
5376588
5376715
5376829
5376928
5343805
5344019
5344103
5344237
5344338
5344535
5344869
5344964
5345098
5345286
5345407
5345500
5345595
5345690
5345814
5345894
5346051
5377030
5377233
5377281
5377383
5377543
5377642
5377741
5377801
5377884
5377992
5378056
5378197
5378304
5378449
5378594
5378695
5378812
5378892
5379025
5346181
5346234
5346371
5346465
5346539
5346634
5346795
5346886
5347002
5347138
5347294
5347370
5347551
5347668
5347718
5347903
5347988
5348072
5348142
5379134
5379267
5379327
5379413
5379518
5379627
5379777
5379840
5380041
5380242
5380407
5380518
5380636
5380691
5380919
5381095
5381162
5348305
5348372
5348556
5348670
5348748
5348843
5348993
5349123
5349200
5349383
5349603
5349736
5349817
5349973
5350032
5350239
5381203
5381297
5381462
5381889
5381985
5382068
5382192
5382319
5382411
5382559
5382661
5382724
5382920
5383128
5383323
5383433
5383522
5383677
5350353
5350498
5350749
5350952
5351047
5351278
5351329
5351517
5351599
5351642
5351802
5351912
5352032
5352128
5352172
5352256
5352337
5387719
5387816
5387952
5388048
5388146
5388219
5388385
5388474
5388609
5388707
5388776
5388907
5388992
5389123
5389321
5389372
5352458
5352530
5352572
5352659
5352724
5352807
5352872
5352953
5353037
5353117
5353166
5353249
5353404
5353498
5353582
5353751
5353880
5353989
5389708
5389778
5389925
5390064
5390107
5390197
5390300
5390435
5390482
5390620
5390802
5390928
5390997
5391166
5391317
5391409
5391594
5391754
5391881
5354089
5354189
5354332
5354426
5354494
5354635
5354694
5354742
5354818
5354942
5355083
5355185
5355348
5355489
5355693
5355799
5355965
5356128
5392229
5392438
5392712
5392880
5392994
5393154
5393247
5393378
5393529
5393705
5393881
5394045
5394192
5394352
5394583
5394688
5394873
5356139
5356185
5356282
5356323
5356432
5356620
5356705
5356876
5357042
5357108
5357155
5357262
5357398
5357505
5357775
5357888
5358147
5358262
5358475
5383735
5383878
5383960
5384112
5384277
5384413
5384489
5384636
5384732
5384869
5385255
5385324
5385444
5385505
5385582
5385694
5385812
5358723
5358878
5359055
5359161
5359309
5359527
5359656
5359711
5359876
5359979
5360333
5360442
5360694
5360791
5360934
5361067
5361113
5361182
5385899
5385980
5386069
5386133
5386330
5386398
5386526
5386581
5386644
5386695
5386786
5386885
5386990
5387085
5387175
5387280
5387390
5387585
5361292
5361451
5361599
5361726
5361827
5361898
5361974
5362091
5362159
5362340
5362461
5362769
5362956
5363010
5363146
5363257
5363380
5327601
5327748
5327931
5328054
5328250
5328428
5328536
5328648
5328804
5328967
5329216
5329284
5329442
5329682
5329820
5329917
5330003
5363650
5363711
5363783
5364008
5364105
5364171
5364272
5364360
5364488
5364587
5364692
5364793
5364964
5365004
5365118
5365154
5365246
5365352
5330158
5330366
5330488
5330725
5330872
5331023
5331234
5331422
5331525
5331603
5331834
5331992
5332238
5332405
5332497
5332600
5332738
5332894
5365459
5365690
5365746
5365925
5366066
5366164
5366280
5366412
5366521
5366639
5366704
5366808
5366875
5366943
5367047
5367240
5367311
5406082
5406286
5406367
5406430
5406513
5406615
5406705
5406747
5406845
5406964
5407007
5407091
5407255
5407364
5407431
5407506
5407626
5407797
5413879
5413966
5414049
5414152
5414218
5414318
5414453
5414553
5414612
5414707
5414882
5414919
5415004
5415102
5415263
5415446
5415590
5415656
5407994
5408083
5408193
5408279
5408367
5408498
5408566
5408633
5408759
5408825
5408884
5408991
5409092
5409197
5409263
5409369
5409479
5409604
5415681
5415777
5415909
5416030
5416162
5416206
5416277
5416348
5416456
5416577
5416683
5416759
5416829
5416927
5416971
5417102
5417207
5417279
5417359
5436300
5436375
5436410
5436576
5436655
5436734
5436886
5436956
5437032
5437132
5437190
5437227
5437260
5437303
5437338
5437459
5437516
5437562
5417483
5417643
5417932
5418137
5418258
5418438
5418524
5418627
5418708
5418872
5419006
5419088
5419211
5419365
5419462
5419530
5437643
5437676
5437709
5437757
5437820
5437849
5437908
5437948
5438055
5438123
5438172
5438196
5438280
5438318
5438446
5438497
5438555
5438618
5438713
5419652
5419817
5419940
5420024
5420151
5420300
5420446
5420531
5420659
5420764
5420920
5421039
5421160
5421232
5421319
5421402
5421576
5438738
5438796
5438877
5439002
5439123
5439211
5439369
5439419
5439501
5439590
5439715
5439798
5439946
5440009
5440060
5440153
5440198
5440308
5440416
5421770
5421836
5421912
5421969
5422040
5422178
5422216
5422300
5422401
5422506
5422551
5422669
5422801
5422899
5423008
5423145
5423250
5423295
5423360
5440540
5440671
5440735
5440878
5441032
5441157
5441400
5441505
5441692
5441758
5441903
5441982
5442063
5442142
5442256
5442362
5442513
5442713
5442817
5423491
5423604
5423687
5423738
5423821
5423943
5424076
5424195
5424278
5424422
5424530
5424583
5424722
5424805
5424968
5425065
5425138
5425229
5442822
5443012
5443101
5443236
5443363
5443455
5443547
5443684
5443788
5443928
5444032
5444150
5444288
5444414
5444545
5444746
5444859
5444951
5425363
5425398
5425471
5425590
5425634
5425725
5425870
5425987
5426057
5426178
5426267
5426360
5426510
5426586
5426722
5426834
5426889
5426991
5445077
5445202
5445371
5445451
5445524
5445677
5445739
5445806
5445875
5445922
5446070
5446184
5446288
5446352
5446451
5446524
5446608
5446888
5427132
5427227
5427304
5427465
5427588
5427663
5427780
5427885
5428011
5428087
5428190
5428306
5428452
5428572
5428656
5428754
5428867
5428961
5429105
5447023
5447099
5447203
5447284
5447379
5447510
5447650
5447764
5447827
5447927
5447971
5448033
5448141
5448290
5448376
5448454
5448546
5448636
5429142
5429243
5429404
5429485
5429654
5429750
5429848
5430031
5430184
5430423
5430478
5430585
5430681
5430931
5431098
5431250
5431332
5431471
5431641
5452144
5452258
5452345
5452463
5452572
5452700
5452831
5452960
5453044
5453204
5453286
5453377
5453552
5453645
5453770
5453860
5453944
5454026
5454143
5431797
5431877
5431994
5432120
5432343
5432436
5432509
5432615
5432762
5432868
5432955
5433150
5433267
5433405
5433535
5433667
5433817
5433921
5454263
5454331
5454405
5454473
5454535
5454706
5454783
5454856
5454937
5455022
5455182
5455277
5455437
5455613
5455690
5455736
5455872
5455995
5456032
5434023
5434111
5434264
5434334
5434584
5434762
5434949
5434997
5435116
5435307
5435347
5435444
5435538
5435720
5435866
5435989
5436114
5456051
5456264
5456340
5456397
5456488
5456538
5456625
5456668
5456759
5456815
5456922
5457027
5457085
5457159
5457275
5457396
5457435
5457553
5457684
5395080
5395216
5395254
5395362
5395569
5395696
5395769
5395905
5396025
5396153
5396258
5396370
5396463
5396581
5396855
5397057
5397229
5397309
5448768
5448915
5449006
5449068
5449145
5449258
5449326
5449398
5449498
5449630
5449768
5449864
5450001
5450091
5450146
5450209
5450386
5450437
5450646
5397617
5397746
5397851
5397940
5398179
5398285
5398371
5398497
5398666
5398720
5398827
5398945
5399026
5399142
5399303
5399475
5399636
5450725
5450796
5450881
5450970
5451036
5451110
5451232
5451286
5451467
5451526
5451684
5451785
5451827
5451895
